[Window]
width=1024
height=768
windowed=1
maxFPS=70
[Particles]
maxParticle=100000
quadLength=100.000000
iniRadius=50
[Camera]
translation_velocity=20000.000000
rotation_velocity=500.000000
